#      date    lon    lat    value 
 2019-09-01     15   37.4  299.448 
 2019-09-02     15   37.4    297.8 
 2019-09-03     15   37.4   297.46 
 2019-09-04     15   37.4  295.548 
 2019-09-05     15   37.4  296.304 
 2019-09-06     15   37.4  297.295 
 2019-09-07     15   37.4  297.619 
 2019-09-08     15   37.4  297.001 
 2019-09-09     15   37.4  297.434 
 2019-09-10     15   37.4  295.837 
 2019-09-11     15   37.4  295.561 
 2019-09-12     15   37.4  297.667 
 2019-09-13     15   37.4  298.107 
 2019-09-14     15   37.4  297.703 
 2019-09-15     15   37.4  296.733 
 2019-09-16     15   37.4  297.662 
 2019-09-17     15   37.4  297.526 
 2019-09-18     15   37.4  297.685 
 2019-09-19     15   37.4  298.557 
 2019-09-20     15   37.4  295.744 
 2019-09-21     15   37.4  295.477 
 2019-09-22     15   37.4  296.222 
 2019-09-23     15   37.4  298.464 
 2019-09-24     15   37.4  297.177 
 2019-09-25     15   37.4   296.79 
 2019-09-26     15   37.4  297.603 
 2019-09-27     15   37.4  296.393 
 2019-09-28     15   37.4  297.442 
 2019-09-29     15   37.4  297.316 
 2019-09-30     15   37.4  296.825 
 2019-10-01     15   37.4  297.053 
 2019-10-02     15   37.4  295.972 
 2019-10-03     15   37.4  295.603 
 2019-10-04     15   37.4  293.274 
 2019-10-05     15   37.4  293.859 
 2019-10-06     15   37.4  294.516 
 2019-10-07     15   37.4  291.921 
 2019-10-08     15   37.4  292.732 
 2019-10-09     15   37.4  293.404 
 2019-10-10     15   37.4  294.636 
 2019-10-11     15   37.4  294.634 
 2019-10-12     15   37.4  294.201 
 2019-10-13     15   37.4  294.482 
 2019-10-14     15   37.4  293.765 
 2019-10-15     15   37.4  293.772 
 2019-10-16     15   37.4  294.692 
 2019-10-17     15   37.4  292.739 
 2019-10-18     15   37.4  292.623 
 2019-10-19     15   37.4  293.531 
 2019-10-20     15   37.4  293.948 
 2019-10-21     15   37.4  293.722 
 2019-10-22     15   37.4  292.295 
 2019-10-23     15   37.4  292.182 
 2019-10-24     15   37.4  291.617 
 2019-10-25     15   37.4  291.578 
 2019-10-26     15   37.4  291.785 
 2019-10-27     15   37.4  292.282 
 2019-10-28     15   37.4  292.181 
 2019-10-29     15   37.4  292.426 
 2019-10-30     15   37.4  292.203 
 2019-10-31     15   37.4  291.389 
 2019-11-01     15   37.4  291.133 
 2019-11-02     15   37.4   291.07 
 2019-11-03     15   37.4  291.717 
 2019-11-04     15   37.4  291.562 
 2019-11-05     15   37.4   291.17 
 2019-11-06     15   37.4  291.198 
 2019-11-07     15   37.4  289.298 
 2019-11-08     15   37.4  288.603 
 2019-11-09     15   37.4  288.068 
 2019-11-10     15   37.4    287.7 
 2019-11-11     15   37.4  289.241 
 2019-11-12     15   37.4  287.709 
 2019-11-13     15   37.4  288.373 
 2019-11-14     15   37.4  286.754 
 2019-11-15     15   37.4  289.199 
 2019-11-16     15   37.4  290.344 
 2019-11-17     15   37.4  288.611 
 2019-11-18     15   37.4  286.615 
 2019-11-19     15   37.4   286.71 
 2019-11-20     15   37.4  285.296 
 2019-11-21     15   37.4  284.785 
 2019-11-22     15   37.4  286.059 
 2019-11-23     15   37.4  287.819 
 2019-11-24     15   37.4  287.561 
 2019-11-25     15   37.4  286.345 
 2019-11-26     15   37.4  286.894 
 2019-11-27     15   37.4  286.713 
 2019-11-28     15   37.4  288.256 
 2019-11-29     15   37.4  287.096 
 2019-11-30     15   37.4  287.009 
 2019-12-01     15   37.4  286.439 
 2019-12-02     15   37.4  287.891 
 2019-12-03     15   37.4  288.011 
 2019-12-04     15   37.4  286.601 
 2019-12-05     15   37.4  287.283 
 2019-12-06     15   37.4  287.728 
 2019-12-07     15   37.4  286.452 
 2019-12-08     15   37.4  286.268 
 2019-12-09     15   37.4  285.861 
 2019-12-10     15   37.4  284.232 
 2019-12-11     15   37.4  283.577 
 2019-12-12     15   37.4  283.436 
 2019-12-13     15   37.4  284.448 
 2019-12-14     15   37.4  287.047 
 2019-12-15     15   37.4  285.808 
 2019-12-16     15   37.4  285.958 
 2019-12-17     15   37.4  287.031 
 2019-12-18     15   37.4  288.709 
 2019-12-19     15   37.4  288.121 
 2019-12-20     15   37.4  287.291 
 2019-12-21     15   37.4  287.398 
 2019-12-22     15   37.4  288.135 
 2019-12-23     15   37.4  286.961 
 2019-12-24     15   37.4  285.955 
 2019-12-25     15   37.4  286.009 
 2019-12-26     15   37.4  284.831 
 2019-12-27     15   37.4   285.22 
 2019-12-28     15   37.4  282.941 
 2019-12-29     15   37.4  280.524 
 2019-12-30     15   37.4  279.725 
 2019-12-31     15   37.4  281.557 
 2020-01-01     15   37.4  280.752 
 2020-01-02     15   37.4  282.231 
 2020-01-03     15   37.4   282.54 
 2020-01-04     15   37.4  282.001 
 2020-01-05     15   37.4  282.793 
 2020-01-06     15   37.4  280.934 
 2020-01-07     15   37.4   280.33 
 2020-01-08     15   37.4  281.657 
 2020-01-09     15   37.4  280.878 
 2020-01-10     15   37.4  281.571 
 2020-01-11     15   37.4  282.654 
 2020-01-12     15   37.4  282.812 
 2020-01-13     15   37.4  283.383 
 2020-01-14     15   37.4  282.954 
 2020-01-15     15   37.4  282.924 
 2020-01-16     15   37.4  282.586 
 2020-01-17     15   37.4  282.898 
 2020-01-18     15   37.4  284.037 
 2020-01-19     15   37.4  283.035 
 2020-01-20     15   37.4  284.683 
 2020-01-21     15   37.4  285.627 
 2020-01-22     15   37.4  284.706 
 2020-01-23     15   37.4  284.019 
 2020-01-24     15   37.4  283.121 
 2020-01-25     15   37.4  284.654 
 2020-01-26     15   37.4   285.98 
 2020-01-27     15   37.4  284.438 
 2020-01-28     15   37.4  284.302 
 2020-01-29     15   37.4  286.332 
 2020-01-30     15   37.4  285.425 
 2020-01-31     15   37.4  284.722 
 2020-02-01     15   37.4  285.631 
 2020-02-02     15   37.4  285.845 
 2020-02-03     15   37.4  286.179 
 2020-02-04     15   37.4  287.492 
 2020-02-05     15   37.4  283.037 
 2020-02-06     15   37.4  281.414 
 2020-02-07     15   37.4   281.22 
 2020-02-08     15   37.4  282.429 
 2020-02-09     15   37.4  282.816 
 2020-02-10     15   37.4  284.765 
 2020-02-11     15   37.4  287.205 
 2020-02-12     15   37.4  287.213 
 2020-02-13     15   37.4  285.368 
 2020-02-14     15   37.4  286.276 
 2020-02-15     15   37.4  285.404 
 2020-02-16     15   37.4  285.593 
 2020-02-17     15   37.4  285.209 
 2020-02-18     15   37.4  284.594 
 2020-02-19     15   37.4  284.775 
 2020-02-20     15   37.4  284.166 
 2020-02-21     15   37.4  284.302 
 2020-02-22     15   37.4   285.19 
 2020-02-23     15   37.4  284.256 
 2020-02-24     15   37.4  285.666 
 2020-02-25     15   37.4  286.598 
 2020-02-26     15   37.4  287.298 
 2020-02-27     15   37.4  285.195 
 2020-02-28     15   37.4  286.483 
 2020-02-29     15   37.4   285.44 
 2020-03-01     15   37.4  287.001 
 2020-03-02     15   37.4  288.998 
 2020-03-03     15   37.4  286.433 
 2020-03-04     15   37.4  283.336 
 2020-03-05     15   37.4  284.829 
 2020-03-06     15   37.4  286.838 
 2020-03-07     15   37.4   285.03 
 2020-03-08     15   37.4  283.673 
 2020-03-09     15   37.4  284.156 
 2020-03-10     15   37.4  284.469 
 2020-03-11     15   37.4   285.23 
 2020-03-12     15   37.4  286.598 
 2020-03-13     15   37.4  289.257 
 2020-03-14     15   37.4  289.825 
 2020-03-15     15   37.4  287.771 
 2020-03-16     15   37.4  286.043 
 2020-03-17     15   37.4  285.952 
 2020-03-18     15   37.4  284.959 
 2020-03-19     15   37.4  285.374 
 2020-03-20     15   37.4  285.431 
 2020-03-21     15   37.4   284.65 
 2020-03-22     15   37.4  285.589 
 2020-03-23     15   37.4  285.022 
 2020-03-24     15   37.4  282.545 
 2020-03-25     15   37.4  284.091 
 2020-03-26     15   37.4  284.155 
 2020-03-27     15   37.4  282.818 
 2020-03-28     15   37.4  284.211 
 2020-03-29     15   37.4  284.532 
 2020-03-30     15   37.4  283.802 
 2020-03-31     15   37.4  285.883 
 2020-04-01     15   37.4   286.48 
 2020-04-02     15   37.4  283.066 
 2020-04-03     15   37.4  284.261 
 2020-04-04     15   37.4  286.193 
 2020-04-05     15   37.4  286.308 
 2020-04-06     15   37.4  285.536 
 2020-04-07     15   37.4  285.979 
 2020-04-08     15   37.4  286.572 
 2020-04-09     15   37.4  286.927 
 2020-04-10     15   37.4   287.43 
 2020-04-11     15   37.4  288.004 
 2020-04-12     15   37.4  288.801 
 2020-04-13     15   37.4  287.662 
 2020-04-14     15   37.4  288.785 
 2020-04-15     15   37.4  287.593 
 2020-04-16     15   37.4  286.915 
 2020-04-17     15   37.4  288.995 
 2020-04-18     15   37.4  290.739 
 2020-04-19     15   37.4  292.336 
 2020-04-20     15   37.4  288.956 
 2020-04-21     15   37.4  289.151 
 2020-04-22     15   37.4  289.967 
 2020-04-23     15   37.4  288.425 
 2020-04-24     15   37.4  288.528 
 2020-04-25     15   37.4  289.632 
 2020-04-26     15   37.4  289.987 
 2020-04-27     15   37.4  290.403 
 2020-04-28     15   37.4  291.342 
 2020-04-29     15   37.4  290.779 
 2020-04-30     15   37.4  290.691 
 2020-05-01     15   37.4  291.213 
 2020-05-02     15   37.4  292.782 
 2020-05-03     15   37.4  292.367 
 2020-05-04     15   37.4  291.458 
 2020-05-05     15   37.4  292.468 
 2020-05-06     15   37.4  294.721 
 2020-05-07     15   37.4   290.63 
 2020-05-08     15   37.4  291.251 
 2020-05-09     15   37.4  291.408 
 2020-05-10     15   37.4  290.516 
 2020-05-11     15   37.4  292.438 
 2020-05-12     15   37.4  294.231 
 2020-05-13     15   37.4  294.215 
 2020-05-14     15   37.4  295.045 
 2020-05-15     15   37.4  296.873 
 2020-05-16     15   37.4  295.692 
 2020-05-17     15   37.4  297.122 
 2020-05-18     15   37.4   294.13 
 2020-05-19     15   37.4  294.707 
 2020-05-20     15   37.4  292.858 
 2020-05-21     15   37.4  292.687 
 2020-05-22     15   37.4  293.474 
 2020-05-23     15   37.4  295.059 
 2020-05-24     15   37.4  296.055 
 2020-05-25     15   37.4  294.345 
 2020-05-26     15   37.4  293.521 
 2020-05-27     15   37.4  291.502 
 2020-05-28     15   37.4  292.063 
 2020-05-29     15   37.4  292.406 
 2020-05-30     15   37.4  291.258 
 2020-05-31     15   37.4  291.462 
 2020-06-01     15   37.4   291.96 
 2020-06-02     15   37.4  292.984 
 2020-06-03     15   37.4  293.246 
 2020-06-04     15   37.4  293.527 
 2020-06-05     15   37.4  292.718 
 2020-06-06     15   37.4  294.562 
 2020-06-07     15   37.4  295.062 
 2020-06-08     15   37.4  295.407 
 2020-06-09     15   37.4  295.204 
 2020-06-10     15   37.4  294.406 
 2020-06-11     15   37.4  294.145 
 2020-06-12     15   37.4  295.691 
 2020-06-13     15   37.4  297.622 
 2020-06-14     15   37.4  297.842 
 2020-06-15     15   37.4  296.204 
 2020-06-16     15   37.4  296.078 
 2020-06-17     15   37.4   297.12 
 2020-06-18     15   37.4  297.809 
 2020-06-19     15   37.4  298.389 
 2020-06-20     15   37.4  297.891 
 2020-06-21     15   37.4  296.473 
 2020-06-22     15   37.4  295.932 
 2020-06-23     15   37.4  297.156 
 2020-06-24     15   37.4  298.361 
 2020-06-25     15   37.4  298.876 
 2020-06-26     15   37.4  299.172 
 2020-06-27     15   37.4  299.681 
 2020-06-28     15   37.4  300.462 
 2020-06-29     15   37.4  301.003 
 2020-06-30     15   37.4  301.513 
 2020-07-01     15   37.4  302.278 
 2020-07-02     15   37.4  302.476 
 2020-07-03     15   37.4  302.328 
 2020-07-04     15   37.4  300.387 
 2020-07-05     15   37.4  298.469 
 2020-07-06     15   37.4  299.177 
 2020-07-07     15   37.4  300.054 
 2020-07-08     15   37.4  299.843 
 2020-07-09     15   37.4  299.594 
 2020-07-10     15   37.4  299.836 
 2020-07-11     15   37.4  300.662 
 2020-07-12     15   37.4  301.394 
 2020-07-13     15   37.4  300.932 
 2020-07-14     15   37.4  297.356 
 2020-07-15     15   37.4  298.265 
 2020-07-16     15   37.4  298.357 
 2020-07-17     15   37.4  298.641 
 2020-07-18     15   37.4  297.449 
 2020-07-19     15   37.4  296.365 
 2020-07-20     15   37.4  297.442 
 2020-07-21     15   37.4  298.803 
 2020-07-22     15   37.4  299.667 
 2020-07-23     15   37.4  301.061 
 2020-07-24     15   37.4  301.835 
 2020-07-25     15   37.4  301.361 
 2020-07-26     15   37.4  300.573 
 2020-07-27     15   37.4  301.004 
 2020-07-28     15   37.4  301.583 
 2020-07-29     15   37.4  302.126 
 2020-07-30     15   37.4   302.55 
 2020-07-31     15   37.4  303.579 
 2020-08-01     15   37.4  304.484 
 2020-08-02     15   37.4  303.963 
 2020-08-03     15   37.4  304.071 
 2020-08-04     15   37.4  302.762 
 2020-08-05     15   37.4   299.39 
 2020-08-06     15   37.4  298.505 
 2020-08-07     15   37.4  298.983 
 2020-08-08     15   37.4  299.398 
 2020-08-09     15   37.4  300.012 
 2020-08-10     15   37.4  300.857 
 2020-08-11     15   37.4  301.132 
 2020-08-12     15   37.4  301.548 
 2020-08-13     15   37.4  302.427 
 2020-08-14     15   37.4  303.749 
 2020-08-15     15   37.4  304.419 
 2020-08-16     15   37.4  303.768 
 2020-08-17     15   37.4   304.14 
 2020-08-18     15   37.4   302.53 
 2020-08-19     15   37.4   301.44 
 2020-08-20     15   37.4  301.406 
 2020-08-21     15   37.4  301.711 
 2020-08-22     15   37.4  302.305 
 2020-08-23     15   37.4  302.207 
 2020-08-24     15   37.4  301.466 
 2020-08-25     15   37.4  300.979 
 2020-08-26     15   37.4  301.051 
 2020-08-27     15   37.4  301.119 
 2020-08-28     15   37.4  301.466 
 2020-08-29     15   37.4  301.389 
 2020-08-30     15   37.4  301.311 
 2020-08-31     15   37.4  302.859 
 2020-09-01     15   37.4  299.482 
 2020-09-02     15   37.4  298.326 
 2020-09-03     15   37.4  299.141 
 2020-09-04     15   37.4  298.968 
 2020-09-05     15   37.4  299.499 
 2020-09-06     15   37.4  299.839 
 2020-09-07     15   37.4  298.526 
 2020-09-08     15   37.4   298.25 
 2020-09-09     15   37.4  299.421 
 2020-09-10     15   37.4  299.963 
 2020-09-11     15   37.4   299.39 
 2020-09-12     15   37.4  297.476 
 2020-09-13     15   37.4  297.589 
 2020-09-14     15   37.4  297.564 
 2020-09-15     15   37.4  298.191 
 2020-09-16     15   37.4  295.394 
 2020-09-17     15   37.4  297.658 
 2020-09-18     15   37.4  298.221 
 2020-09-19     15   37.4  298.485 
 2020-09-20     15   37.4  298.482 
 2020-09-21     15   37.4  298.595 
 2020-09-22     15   37.4  298.551 
 2020-09-23     15   37.4  298.547 
 2020-09-24     15   37.4  298.165 
 2020-09-25     15   37.4  299.211 
 2020-09-26     15   37.4   294.76 
 2020-09-27     15   37.4  293.406 
 2020-09-28     15   37.4   292.59 
 2020-09-29     15   37.4  294.474 
 2020-09-30     15   37.4  294.156 
 2020-10-01     15   37.4  295.305 
 2020-10-02     15   37.4  295.833 
 2020-10-03     15   37.4  297.045 
 2020-10-04     15   37.4  297.135 
 2020-10-05     15   37.4  296.531 
 2020-10-06     15   37.4  295.391 
 2020-10-07     15   37.4  293.374 
 2020-10-08     15   37.4  293.368 
 2020-10-09     15   37.4  293.395 
 2020-10-10     15   37.4  293.916 
 2020-10-11     15   37.4  293.353 
 2020-10-12     15   37.4  290.113 
 2020-10-13     15   37.4  289.881 
 2020-10-14     15   37.4  291.632 
 2020-10-15     15   37.4  291.021 
 2020-10-16     15   37.4   290.57 
 2020-10-17     15   37.4  289.761 
 2020-10-18     15   37.4  289.568 
 2020-10-19     15   37.4  289.814 
 2020-10-20     15   37.4  289.763 
 2020-10-21     15   37.4  291.215 
 2020-10-22     15   37.4  290.061 
 2020-10-23     15   37.4  290.713 
 2020-10-24     15   37.4   292.57 
 2020-10-25     15   37.4   291.27 
 2020-10-26     15   37.4  289.926 
 2020-10-27     15   37.4  289.152 
 2020-10-28     15   37.4  288.169 
 2020-10-29     15   37.4  289.451 
 2020-10-30     15   37.4   290.16 
 2020-10-31     15   37.4  291.209 
 2020-11-01     15   37.4  290.498 
 2020-11-02     15   37.4  290.999 
 2020-11-03     15   37.4  290.565 
 2020-11-04     15   37.4  290.561 
 2020-11-05     15   37.4  290.978 
 2020-11-06     15   37.4  289.938 
 2020-11-07     15   37.4  290.228 
 2020-11-08     15   37.4  289.907 
 2020-11-09     15   37.4  289.995 
 2020-11-10     15   37.4  289.805 
 2020-11-11     15   37.4  289.376 
 2020-11-12     15   37.4  289.121 
 2020-11-13     15   37.4  288.874 
 2020-11-14     15   37.4  289.301 
 2020-11-15     15   37.4  289.249 
 2020-11-16     15   37.4  289.696 
 2020-11-17     15   37.4  289.604 
 2020-11-18     15   37.4  289.058 
 2020-11-19     15   37.4   289.48 
 2020-11-20     15   37.4  288.603 
 2020-11-21     15   37.4   286.57 
 2020-11-22     15   37.4  287.317 
 2020-11-23     15   37.4  288.183 
 2020-11-24     15   37.4  288.086 
 2020-11-25     15   37.4  287.559 
 2020-11-26     15   37.4  287.072 
 2020-11-27     15   37.4   286.37 
 2020-11-28     15   37.4   288.21 
 2020-11-29     15   37.4  286.399