#      date    lon    lat    value 
 2019-09-01     15   37.4 2.141e+08 
 2019-09-02     15   37.4 2.02106e+08 
 2019-09-03     15   37.4 1.91607e+08 
 2019-09-04     15   37.4 1.8086e+08 
 2019-09-05     15   37.4 1.56651e+08 
 2019-09-06     15   37.4 2.51456e+08 
 2019-09-07     15   37.4 2.94608e+08 
 2019-09-08     15   37.4 2.86958e+08 
 2019-09-09     15   37.4 2.47752e+08 
 2019-09-10     15   37.4 2.01123e+08 
 2019-09-11     15   37.4 2.06403e+08 
 2019-09-12     15   37.4 2.43685e+08 
 2019-09-13     15   37.4 2.81013e+08 
 2019-09-14     15   37.4 2.65738e+08 
 2019-09-15     15   37.4 2.78243e+08 
 2019-09-16     15   37.4 2.63041e+08 
 2019-09-17     15   37.4 2.72781e+08 
 2019-09-18     15   37.4 2.75833e+08 
 2019-09-19     15   37.4 2.43842e+08 
 2019-09-20     15   37.4 1.56725e+08 
 2019-09-21     15   37.4 1.17802e+08 
 2019-09-22     15   37.4 1.76574e+08 
 2019-09-23     15   37.4 2.32828e+08 
 2019-09-24     15   37.4 2.6126e+08 
 2019-09-25     15   37.4 2.62683e+08 
 2019-09-26     15   37.4 2.51292e+08 
 2019-09-27     15   37.4 2.01881e+08 
 2019-09-28     15   37.4 2.46155e+08 
 2019-09-29     15   37.4 2.5395e+08 
 2019-09-30     15   37.4 2.39078e+08 
 2019-10-01     15   37.4 2.21751e+08 
 2019-10-02     15   37.4 2.53555e+08 
 2019-10-03     15   37.4 2.40876e+08 
 2019-10-04     15   37.4 2.13239e+08 
 2019-10-05     15   37.4 2.38952e+08 
 2019-10-06     15   37.4 1.99247e+08 
 2019-10-07     15   37.4 1.11829e+08 
 2019-10-08     15   37.4 1.48363e+08 
 2019-10-09     15   37.4 1.28779e+08 
 2019-10-10     15   37.4 1.65714e+08 
 2019-10-11     15   37.4 2.12022e+08 
 2019-10-12     15   37.4 2.14868e+08 
 2019-10-13     15   37.4 2.10566e+08 
 2019-10-14     15   37.4 2.23033e+08 
 2019-10-15     15   37.4 2.01914e+08 
 2019-10-16     15   37.4 1.97865e+08 
 2019-10-17     15   37.4 1.59004e+08 
 2019-10-18     15   37.4 2.03821e+08 
 2019-10-19     15   37.4 1.92677e+08 
 2019-10-20     15   37.4 1.94858e+08 
 2019-10-21     15   37.4 1.99617e+08 
 2019-10-22     15   37.4 1.99109e+08 
 2019-10-23     15   37.4 1.85939e+08 
 2019-10-24     15   37.4 1.72229e+08 
 2019-10-25     15   37.4 3.70292e+07 
 2019-10-26     15   37.4 8.47189e+07 
 2019-10-27     15   37.4 1.29785e+08 
 2019-10-28     15   37.4 1.70477e+08 
 2019-10-29     15   37.4 1.88561e+08 
 2019-10-30     15   37.4 1.63229e+08 
 2019-10-31     15   37.4 1.5331e+08 
 2019-11-01     15   37.4 1.40921e+08 
 2019-11-02     15   37.4 1.20946e+08 
 2019-11-03     15   37.4 1.187e+08 
 2019-11-04     15   37.4 1.78165e+08 
 2019-11-05     15   37.4 1.41815e+08 
 2019-11-06     15   37.4 1.3966e+08 
 2019-11-07     15   37.4 8.03099e+07 
 2019-11-08     15   37.4 1.40486e+08 
 2019-11-09     15   37.4 1.37006e+08 
 2019-11-10     15   37.4 1.67639e+08 
 2019-11-11     15   37.4 7.05565e+07 
 2019-11-12     15   37.4 1.13388e+08 
 2019-11-13     15   37.4 1.60248e+08 
 2019-11-14     15   37.4 9.486e+07 
 2019-11-15     15   37.4 1.38433e+08 
 2019-11-16     15   37.4 1.36367e+08 
 2019-11-17     15   37.4 1.17037e+08 
 2019-11-18     15   37.4 1.51904e+08 
 2019-11-19     15   37.4 8.05775e+07 
 2019-11-20     15   37.4 1.53219e+08 
 2019-11-21     15   37.4 1.34434e+08 
 2019-11-22     15   37.4 1.45482e+08 
 2019-11-23     15   37.4 1.32039e+08 
 2019-11-24     15   37.4 4.8998e+07 
 2019-11-25     15   37.4 1.10724e+08 
 2019-11-26     15   37.4 1.22406e+08 
 2019-11-27     15   37.4 1.4321e+08 
 2019-11-28     15   37.4 1.22938e+08 
 2019-11-29     15   37.4 1.45158e+08 
 2019-11-30     15   37.4 1.39358e+08 
 2019-12-01     15   37.4 1.23119e+08 
 2019-12-02     15   37.4 8.06471e+07 
 2019-12-03     15   37.4 7.93717e+07 
 2019-12-04     15   37.4 9.65634e+07 
 2019-12-05     15   37.4 7.72305e+07 
 2019-12-06     15   37.4 1.18234e+08 
 2019-12-07     15   37.4 1.35465e+08 
 2019-12-08     15   37.4 1.28582e+08 
 2019-12-09     15   37.4 7.78844e+07 
 2019-12-10     15   37.4 1.10247e+08 
 2019-12-11     15   37.4 9.01408e+07 
 2019-12-12     15   37.4 1.01678e+08 
 2019-12-13     15   37.4 7.95888e+07 
 2019-12-14     15   37.4 1.16238e+08 
 2019-12-15     15   37.4 1.27026e+08 
 2019-12-16     15   37.4 1.24964e+08 
 2019-12-17     15   37.4 7.80741e+07 
 2019-12-18     15   37.4 8.07663e+07 
 2019-12-19     15   37.4 9.33714e+07 
 2019-12-20     15   37.4 1.12183e+08 
 2019-12-21     15   37.4 7.29672e+07 
 2019-12-22     15   37.4 9.7036e+07 
 2019-12-23     15   37.4 1.11415e+08 
 2019-12-24     15   37.4 1.16605e+08 
 2019-12-25     15   37.4 1.24767e+08 
 2019-12-26     15   37.4 1.27163e+08 
 2019-12-27     15   37.4 1.07569e+08 
 2019-12-28     15   37.4 1.00892e+08 
 2019-12-29     15   37.4 1.20184e+08 
 2019-12-30     15   37.4 1.25236e+08 
 2019-12-31     15   37.4 1.26673e+08 
 2020-01-01     15   37.4 1.34415e+08 
 2020-01-02     15   37.4 1.14904e+08 
 2020-01-03     15   37.4 1.16809e+08 
 2020-01-04     15   37.4 1.36439e+08 
 2020-01-05     15   37.4 1.22038e+08 
 2020-01-06     15   37.4 1.16805e+08 
 2020-01-07     15   37.4 1.24091e+08 
 2020-01-08     15   37.4 7.66768e+07 
 2020-01-09     15   37.4 1.33129e+08 
 2020-01-10     15   37.4 1.47057e+08 
 2020-01-11     15   37.4 1.07671e+08 
 2020-01-12     15   37.4 1.18285e+08 
 2020-01-13     15   37.4 1.26688e+08 
 2020-01-14     15   37.4 1.24841e+08 
 2020-01-15     15   37.4 1.44739e+08 
 2020-01-16     15   37.4 1.5221e+08 
 2020-01-17     15   37.4 1.44162e+08 
 2020-01-18     15   37.4 1.39874e+08 
 2020-01-19     15   37.4 1.50761e+08 
 2020-01-20     15   37.4 9.30565e+07 
 2020-01-21     15   37.4 8.66389e+07 
 2020-01-22     15   37.4 4.81572e+07 
 2020-01-23     15   37.4 1.40125e+08 
 2020-01-24     15   37.4 1.00503e+08 
 2020-01-25     15   37.4 6.68404e+07 
 2020-01-26     15   37.4 1.47982e+08 
 2020-01-27     15   37.4 1.60771e+08 
 2020-01-28     15   37.4 1.42286e+08 
 2020-01-29     15   37.4 1.57657e+08 
 2020-01-30     15   37.4 1.70468e+08 
 2020-01-31     15   37.4 1.30972e+08 
 2020-02-01     15   37.4 1.54533e+08 
 2020-02-02     15   37.4 1.53712e+08 
 2020-02-03     15   37.4 1.6575e+08 
 2020-02-04     15   37.4 1.76637e+08 
 2020-02-05     15   37.4 1.46531e+08 
 2020-02-06     15   37.4 1.33655e+08 
 2020-02-07     15   37.4 1.80302e+08 
 2020-02-08     15   37.4 1.8297e+08 
 2020-02-09     15   37.4 1.82143e+08 
 2020-02-10     15   37.4 1.80468e+08 
 2020-02-11     15   37.4 1.89255e+08 
 2020-02-12     15   37.4 1.83587e+08 
 2020-02-13     15   37.4 1.51436e+08 
 2020-02-14     15   37.4 1.80226e+08 
 2020-02-15     15   37.4 1.76216e+08 
 2020-02-16     15   37.4 8.47249e+07 
 2020-02-17     15   37.4 1.64833e+08 
 2020-02-18     15   37.4 2.05445e+08 
 2020-02-19     15   37.4 1.9688e+08 
 2020-02-20     15   37.4 1.83888e+08 
 2020-02-21     15   37.4 2.12313e+08 
 2020-02-22     15   37.4 2.00363e+08 
 2020-02-23     15   37.4 2.17423e+08 
 2020-02-24     15   37.4 2.24977e+08 
 2020-02-25     15   37.4 2.25676e+08 
 2020-02-26     15   37.4 2.23396e+08 
 2020-02-27     15   37.4 2.28899e+08 
 2020-02-28     15   37.4 2.09809e+08 
 2020-02-29     15   37.4 1.80687e+08 
 2020-03-01     15   37.4 2.30431e+08 
 2020-03-02     15   37.4 2.27489e+08 
 2020-03-03     15   37.4 1.72779e+08 
 2020-03-04     15   37.4 9.98594e+07 
 2020-03-05     15   37.4 1.94543e+08 
 2020-03-06     15   37.4 2.18658e+08 
 2020-03-07     15   37.4 1.69429e+08 
 2020-03-08     15   37.4 1.88091e+08 
 2020-03-09     15   37.4 2.0158e+08 
 2020-03-10     15   37.4 2.05816e+08 
 2020-03-11     15   37.4 2.04423e+08 
 2020-03-12     15   37.4 2.61289e+08 
 2020-03-13     15   37.4 2.65616e+08 
 2020-03-14     15   37.4 2.68822e+08 
 2020-03-15     15   37.4 2.49641e+08 
 2020-03-16     15   37.4 1.29143e+08 
 2020-03-17     15   37.4 1.69282e+08 
 2020-03-18     15   37.4 2.72026e+08 
 2020-03-19     15   37.4 2.61494e+08 
 2020-03-20     15   37.4 2.72639e+08 
 2020-03-21     15   37.4 1.7532e+08 
 2020-03-22     15   37.4 1.75161e+08 
 2020-03-23     15   37.4 1.43246e+08 
 2020-03-24     15   37.4 7.20781e+07 
 2020-03-25     15   37.4 3.35607e+07 
 2020-03-26     15   37.4 1.49971e+08 
 2020-03-27     15   37.4 1.54547e+08 
 2020-03-28     15   37.4 2.58423e+08 
 2020-03-29     15   37.4 2.5849e+08 
 2020-03-30     15   37.4 9.83049e+07 
 2020-03-31     15   37.4 2.63838e+08 
 2020-04-01     15   37.4 2.33231e+08 
 2020-04-02     15   37.4 1.21826e+08 
 2020-04-03     15   37.4 1.66294e+08 
 2020-04-04     15   37.4 1.81837e+08 
 2020-04-05     15   37.4 2.28455e+08 
 2020-04-06     15   37.4 1.38604e+08 
 2020-04-07     15   37.4 2.20688e+08 
 2020-04-08     15   37.4 2.86562e+08 
 2020-04-09     15   37.4 3.25998e+08 
 2020-04-10     15   37.4 3.36361e+08 
 2020-04-11     15   37.4 3.12108e+08 
 2020-04-12     15   37.4 3.42688e+08 
 2020-04-13     15   37.4 3.45195e+08 
 2020-04-14     15   37.4 3.22701e+08 
 2020-04-15     15   37.4 2.28433e+08 
 2020-04-16     15   37.4 1.74291e+08 
 2020-04-17     15   37.4 3.09829e+08 
 2020-04-18     15   37.4 3.3652e+08 
 2020-04-19     15   37.4 3.27504e+08 
 2020-04-20     15   37.4 1.91843e+08 
 2020-04-21     15   37.4 1.62756e+08 
 2020-04-22     15   37.4 3.0192e+08 
 2020-04-23     15   37.4 2.49821e+08 
 2020-04-24     15   37.4 1.82384e+08 
 2020-04-25     15   37.4 3.2556e+08 
 2020-04-26     15   37.4 2.60128e+08 
 2020-04-27     15   37.4 2.74906e+08 
 2020-04-28     15   37.4 3.25343e+08 
 2020-04-29     15   37.4 1.96742e+08 
 2020-04-30     15   37.4 3.42312e+08 
 2020-05-01     15   37.4 3.60145e+08 
 2020-05-02     15   37.4 3.50788e+08 
 2020-05-03     15   37.4 3.0479e+08 
 2020-05-04     15   37.4 2.83482e+08 
 2020-05-05     15   37.4 3.56085e+08 
 2020-05-06     15   37.4 3.55003e+08 
 2020-05-07     15   37.4 2.57688e+08 
 2020-05-08     15   37.4 3.40053e+08 
 2020-05-09     15   37.4 3.72504e+08 
 2020-05-10     15   37.4 3.46215e+08 
 2020-05-11     15   37.4 3.38795e+08 
 2020-05-12     15   37.4 3.78991e+08 
 2020-05-13     15   37.4 3.62761e+08 
 2020-05-14     15   37.4 3.45188e+08 
 2020-05-15     15   37.4 3.45169e+08 
 2020-05-16     15   37.4 3.69301e+08 
 2020-05-17     15   37.4 3.73924e+08 
 2020-05-18     15   37.4 3.1509e+08 
 2020-05-19     15   37.4 3.02578e+08 
 2020-05-20     15   37.4 3.06957e+08 
 2020-05-21     15   37.4 2.70886e+08 
 2020-05-22     15   37.4 3.34296e+08 
 2020-05-23     15   37.4 3.76724e+08 
 2020-05-24     15   37.4 3.82442e+08 
 2020-05-25     15   37.4 3.51393e+08 
 2020-05-26     15   37.4 2.61696e+08 
 2020-05-27     15   37.4 2.80667e+08 
 2020-05-28     15   37.4 3.07193e+08 
 2020-05-29     15   37.4 3.13381e+08 
 2020-05-30     15   37.4 2.78139e+08 
 2020-05-31     15   37.4 2.8881e+08 
 2020-06-01     15   37.4 3.0607e+08 
 2020-06-02     15   37.4 2.83382e+08 
 2020-06-03     15   37.4 3.27332e+08 
 2020-06-04     15   37.4 3.75492e+08 
 2020-06-05     15   37.4 2.5178e+08 
 2020-06-06     15   37.4 3.61912e+08 
 2020-06-07     15   37.4 3.3828e+08 
 2020-06-08     15   37.4 3.42718e+08 
 2020-06-09     15   37.4 3.485e+08 
 2020-06-10     15   37.4 3.52828e+08 
 2020-06-11     15   37.4 3.64686e+08 
 2020-06-12     15   37.4 3.81843e+08 
 2020-06-13     15   37.4 3.05725e+08 
 2020-06-14     15   37.4 3.44562e+08 
 2020-06-15     15   37.4 3.82274e+08 
 2020-06-16     15   37.4 3.96254e+08 
 2020-06-17     15   37.4 3.87116e+08 
 2020-06-18     15   37.4 3.91631e+08 
 2020-06-19     15   37.4 3.88574e+08 
 2020-06-20     15   37.4 3.94113e+08 
 2020-06-21     15   37.4 3.8827e+08 
 2020-06-22     15   37.4 3.00219e+08 
 2020-06-23     15   37.4 2.9037e+08 
 2020-06-24     15   37.4 3.27791e+08 
 2020-06-25     15   37.4 3.74204e+08 
 2020-06-26     15   37.4 3.87992e+08 
 2020-06-27     15   37.4 3.9318e+08 
 2020-06-28     15   37.4 3.78833e+08 
 2020-06-29     15   37.4 3.52342e+08 
 2020-06-30     15   37.4 3.84552e+08 
 2020-07-01     15   37.4 3.78629e+08 
 2020-07-02     15   37.4 3.85182e+08 
 2020-07-03     15   37.4 3.8839e+08 
 2020-07-04     15   37.4 3.70373e+08 
 2020-07-05     15   37.4 3.23332e+08 
 2020-07-06     15   37.4 3.34375e+08 
 2020-07-07     15   37.4 3.78059e+08 
 2020-07-08     15   37.4 3.68292e+08 
 2020-07-09     15   37.4 3.67957e+08 
 2020-07-10     15   37.4 3.50405e+08 
 2020-07-11     15   37.4 3.49667e+08 
 2020-07-12     15   37.4 3.79187e+08 
 2020-07-13     15   37.4 3.49437e+08 
 2020-07-14     15   37.4 2.64021e+08 
 2020-07-15     15   37.4 3.02298e+08 
 2020-07-16     15   37.4 3.21708e+08 
 2020-07-17     15   37.4 3.07753e+08 
 2020-07-18     15   37.4 2.54863e+08 
 2020-07-19     15   37.4 2.37973e+08 
 2020-07-20     15   37.4 2.61344e+08 
 2020-07-21     15   37.4 3.38955e+08 
 2020-07-22     15   37.4 3.70158e+08 
 2020-07-23     15   37.4 3.64691e+08 
 2020-07-24     15   37.4 3.70003e+08 
 2020-07-25     15   37.4 3.53619e+08 
 2020-07-26     15   37.4 3.61378e+08 
 2020-07-27     15   37.4 3.59427e+08 
 2020-07-28     15   37.4 3.65802e+08 
 2020-07-29     15   37.4 3.68051e+08 
 2020-07-30     15   37.4 3.65347e+08 
 2020-07-31     15   37.4 3.45572e+08 
 2020-08-01     15   37.4 3.62011e+08 
 2020-08-02     15   37.4 3.50368e+08 
 2020-08-03     15   37.4 3.55523e+08 
 2020-08-04     15   37.4 3.31238e+08 
 2020-08-05     15   37.4 3.35391e+08 
 2020-08-06     15   37.4 2.86977e+08 
 2020-08-07     15   37.4 2.5817e+08 
 2020-08-08     15   37.4 2.69768e+08 
 2020-08-09     15   37.4 2.82513e+08 
 2020-08-10     15   37.4 3.02354e+08 
 2020-08-11     15   37.4 3.00561e+08 
 2020-08-12     15   37.4 2.95242e+08 
 2020-08-13     15   37.4 3.35269e+08 
 2020-08-14     15   37.4 3.36963e+08 
 2020-08-15     15   37.4 3.37917e+08 
 2020-08-16     15   37.4 3.33509e+08 
 2020-08-17     15   37.4 3.30989e+08 
 2020-08-18     15   37.4 3.40716e+08 
 2020-08-19     15   37.4 3.24847e+08 
 2020-08-20     15   37.4 3.26317e+08 
 2020-08-21     15   37.4 3.28855e+08 
 2020-08-22     15   37.4 3.31363e+08 
 2020-08-23     15   37.4 3.22164e+08 
 2020-08-24     15   37.4 3.10867e+08 
 2020-08-25     15   37.4 3.0395e+08 
 2020-08-26     15   37.4 3.09199e+08 
 2020-08-27     15   37.4 3.2247e+08 
 2020-08-28     15   37.4 3.20159e+08 
 2020-08-29     15   37.4 3.20517e+08 
 2020-08-30     15   37.4 3.14261e+08 
 2020-08-31     15   37.4 3.17218e+08 
 2020-09-01     15   37.4 2.66807e+08 
 2020-09-02     15   37.4 1.80393e+08 
 2020-09-03     15   37.4 2.67275e+08 
 2020-09-04     15   37.4 2.91505e+08 
 2020-09-05     15   37.4 2.65982e+08 
 2020-09-06     15   37.4 2.77055e+08 
 2020-09-07     15   37.4 2.46107e+08 
 2020-09-08     15   37.4 2.48457e+08 
 2020-09-09     15   37.4 2.77311e+08 
 2020-09-10     15   37.4 2.58617e+08 
 2020-09-11     15   37.4 2.68849e+08 
 2020-09-12     15   37.4 2.70119e+08 
 2020-09-13     15   37.4 2.67196e+08 
 2020-09-14     15   37.4 2.4723e+08 
 2020-09-15     15   37.4 2.47288e+08 
 2020-09-16     15   37.4 1.45592e+08 
 2020-09-17     15   37.4 2.08595e+08 
 2020-09-18     15   37.4 2.59617e+08 
 2020-09-19     15   37.4 2.66488e+08 
 2020-09-20     15   37.4 2.68376e+08 
 2020-09-21     15   37.4 2.15861e+08 
 2020-09-22     15   37.4 2.38801e+08 
 2020-09-23     15   37.4 2.5043e+08 
 2020-09-24     15   37.4 2.62455e+08 
 2020-09-25     15   37.4 2.62002e+08 
 2020-09-26     15   37.4 2.60628e+08 
 2020-09-27     15   37.4 2.08053e+08 
 2020-09-28     15   37.4 2.58999e+08 
 2020-09-29     15   37.4 2.19005e+08 
 2020-09-30     15   37.4 2.35536e+08 
 2020-10-01     15   37.4 1.93144e+08 
 2020-10-02     15   37.4 2.25678e+08 
 2020-10-03     15   37.4 2.21401e+08 
 2020-10-04     15   37.4 2.27853e+08 
 2020-10-05     15   37.4 1.73873e+08 
 2020-10-06     15   37.4 2.13502e+08 
 2020-10-07     15   37.4 1.36135e+08 
 2020-10-08     15   37.4 1.76864e+08 
 2020-10-09     15   37.4 2.21137e+08 
 2020-10-10     15   37.4 2.36057e+08 
 2020-10-11     15   37.4 2.33048e+08 
 2020-10-12     15   37.4 1.03505e+08 
 2020-10-13     15   37.4 1.83835e+08 
 2020-10-14     15   37.4 1.8166e+08 
 2020-10-15     15   37.4 9.41111e+07 
 2020-10-16     15   37.4 2.06143e+08 
 2020-10-17     15   37.4 2.03281e+08 
 2020-10-18     15   37.4 1.75571e+08 
 2020-10-19     15   37.4 1.5207e+08 
 2020-10-20     15   37.4 1.80802e+08 
 2020-10-21     15   37.4 1.84902e+08 
 2020-10-22     15   37.4 2.03602e+08 
 2020-10-23     15   37.4 2.09092e+08 
 2020-10-24     15   37.4 1.93305e+08 
 2020-10-25     15   37.4 2.02353e+08 
 2020-10-26     15   37.4 1.9877e+08 
 2020-10-27     15   37.4 1.11253e+08 
 2020-10-28     15   37.4 1.58388e+08 
 2020-10-29     15   37.4 1.94392e+08 
 2020-10-30     15   37.4 1.53759e+08 
 2020-10-31     15   37.4 1.70315e+08 
 2020-11-01     15   37.4 1.8519e+08 
 2020-11-02     15   37.4 1.83916e+08 
 2020-11-03     15   37.4 1.51185e+08 
 2020-11-04     15   37.4 1.61316e+08 
 2020-11-05     15   37.4 1.60347e+08 
 2020-11-06     15   37.4 1.19304e+08 
 2020-11-07     15   37.4 1.18468e+08 
 2020-11-08     15   37.4 1.62465e+08 
 2020-11-09     15   37.4 1.50522e+08 
 2020-11-10     15   37.4 1.59003e+08 
 2020-11-11     15   37.4 1.42605e+08 
 2020-11-12     15   37.4 1.64859e+08 
 2020-11-13     15   37.4 1.2698e+08 
 2020-11-14     15   37.4 1.53556e+08 
 2020-11-15     15   37.4 1.48623e+08 
 2020-11-16     15   37.4 1.38271e+08 
 2020-11-17     15   37.4 7.74054e+07 
 2020-11-18     15   37.4 1.15175e+08 
 2020-11-19     15   37.4 1.11994e+08 
 2020-11-20     15   37.4 1.32957e+08 
 2020-11-21     15   37.4 1.21378e+08 
 2020-11-22     15   37.4 1.05813e+08 
 2020-11-23     15   37.4 4.9369e+07 
 2020-11-24     15   37.4 6.89774e+07 
 2020-11-25     15   37.4 5.41922e+07 
 2020-11-26     15   37.4 9.774e+07 
 2020-11-27     15   37.4 1.12221e+08 
 2020-11-28     15   37.4 7.51626e+07 
 2020-11-29     15   37.4 1.20547e+08
